7 11 15 95 63 
39 59 103 143 151 
115 175 71 67 99 
259 183 383 327 247 
223 135 131 371 271 
203 643 219 107 407 
119 571 355 491 267 
483 539 827 651 867 
519 239 635 695 179 
215 155 439 415 803 
283 627 599 791 923 
255 431 295 167 959 
503 363 447 1963 767 
1315 1291 567 871 291 
1307 1327 987 843 579 
895 903 2343 687 2151 
1227 1531 699 1095 555 
1343 1923 995 863 1135 
235 1503 347 1387 807 
1071 615 619 435 1063 
927 375 455 1507 743 
1695 691 1567 823 1931 
1399 683 379 879 731 
527 1359 311 1215 1835 
1139 815 763 399 535 
707 711 2003 2899 1975 
855 3487 1391 1755 1687 
4051 1279 1671 1871 2091 
3447 1727 3395 2919 1379 
1439 1287 1903 2547 3143 
735 3851 939 2511 1751 
2611 2427 2135 2327 2515 
3155 1375 1743 5119 1771 
3247 2375 1639 2795 1647 
2395 1575 1523 1991 1947 
1511 1275 2991 2647 1547 
1467 287 1091 2099 2359 
907 495 1731 4259 2715 
1047 2143 1583 1839 2307 
2079 2339 771 2391 2559 
1847 2431 935 1055 419 
1483 2191 3423 2171 1527 
1111 2943 2039 1371 1563 
3559 1851 4851 3711 2335 
2287 1675 1431 811 955 
883 427 2923 2507 947 
2063 1579 1479 4207 2007 
3615 931 1587 1699 3215 
2019 1535 4047 2215 1259 
1203 1035 2023 1691 2799 
2355 2959 3379 7191 1219 
2987 3687 3515 4323 2491 
2055 2779 1283 3787 3839 
5115 1515 2131 2255 2331 
2095 5855 4139 2619 2403 
4463 1867 4091 3459 2667 
3111 5351 4219 5463 3527 
5263 4759 5291 3999 2279 
1723 4007 2047 1595 3639 
3819 2763 3323 4743 4955 
3595 2435 1495 6443 4307 
5139 1643 4171 3055 6067 
4187 4799 3987 3087 3747 
2883 2759 2447 2583 7535 
4267 6699 4835 2719 1411 
3455 1795 6047 6055 4243 
1827 5899 5175 5135 4611 
1703 4563 5295 2915 6279 
2035 4431 3971 3067 2383 
2543 1911 2955 2831 3031 
5911 2015 1707 3887 1383 
4607 3531 5595 5491 1663 
3147 2803 3575 2127 831 
4823 2319 2859 3947 5395 
2479 1151 2239 1615 587 
5775 3863 7035 4567 5259 
3931 2867 1223 4011 2655 
3411 4023 5835 4395 3803 
2643 2259 4519 4283 3591 
2315 839 3355 3135 2783 
4327 3643 3427 2891 4595 
6259 3319 3547 2623 5103 
507 4707 1863 3223 3907 
5279 5203 3295 2747 4735 
3239 1891 1487 4843 3751 
3695 3059 3391 1779 2947 
1603 5555 4063 4647 2139 
5195 4983 5199 4175 3099 
7359 3123 3703 1875 2703 
4763 3779 3359 3935 3631 
2487 2771 2251 3047 2819 
2975 2983 2555 2851 4371 
1999 5123 5219 3311 2791 
2207 3939 4991 5107 2291 
2275 3903 6695 4679 1659 
3979 5171 2971 2839 4575 
5715 3795 2731 4555 4411 
5431 6243 4223 2439 3315 
1843 3191 2211 3287 2115 
3883 2847 3879 3519 6271 
6011 4547 3235 5399 4235 
6299 4295 8079 7323 4119 
2243 6911 5215 5547 3923 
6759 4143 7095 5727 7215 
4811 4447 7539 7375 3243 
3299 2387 4655 3807 7591 
6035 6075 5127 6515 1783 
5183 3511 3911 7603 3927 
2575 2787 4419 7659 6559 
7399 7371 7471 2735 5011 
2471 7867 5503 6003 3571 
6663 5979 6615 4855 7887 
4127 5339 6163 8175 6983 
6579 7587 6627 6539 5647 
3635 7939 5531 7447 6595 
8191 6495 4075 4179 5067 
3027 3115 2231 5807 7115 
5543 7795 4559 4499 4183 
5635 7431 4767 6823 6291 
7675 6767 5111 5667 6463 
6391 5747 7859 7971 7951 
5015 4943 7199 7135 6711 
6631 8111 6183 5695 6755 
7131 6783 3195 3827 7247 
6519 6563 7811 5407 4971 
5515 6419 6599 5359 6775 
4891 6295 3007 4507 3891 
3587 3739 5571 2755 7775 
7595 6367 4435 6703 8123 
5991 5559 4399 3327 3815 
8051 5303 7387 7651 7511 
8011 6123 6091 6547 5179 
4359 6771 3951 7743 7631 
8155 8115 7255 6939 4775 
4931 7839 4427 7815 5863 
6015 7227 7223 5267 8063 
6475 2299 4083 8183 4643 
5079 4719 6687 7275 2571 
6675 6215 3063 6835 8099 
4287 3619 7707 4147 8087 
7823 7747 7107 8015 4639 
5419 4691 5227 6331 4415 
3283 7719 4627 7995 7943 
7119 6967 5731 6147 7927 
7327 5287 6803 6779 7931 
3975 6179 8055 3163 5811 
1607 6051 5147 6787 3479 
7459 2967 5095 4819 5903 
5435 5415 7267 8135 1403 
7559 4339 6683 1655 2723 
603 7967 6079 7819 6931 
8091 7919 5831 5239 6723 
5567 5519 4403 5655 5007 
5059 3267 7007 5327 6571 
4947 7851 4539 5223 5347 
7527 5887 7175 7099 5087 
4303 5975 3811 6399 2539 
4583 7059 6511 6139 7027 
6903 6839 4815 6363 2111 
7695 7139 6807 5443 7435 
5163 5099 5075 7855 6063 
5687 5523 7023 5895 6971 
6791 6991 7003 3543 4483 
5071 3691 4875 7187 5447 
5243 7091 4115 6847 7563 
5915 4659 4099 6555 4375 
7619 6127 6315 8039 7723 
6447 6379 7351 3539 7167 
8139 6407 6203 4755 2011 
2103 6659 7279 5451 5883 
7315 7047 4347 3207 6691 
7503 4619 5047 2123 8151 
4879 4131 1943 6975 7467 
6251 5331 6155 5039 5651 
7779 7751 5615 7803 6023 
6323 5211 7075 6871 7895 
5995 7463 7443 5539 3451 
5063 4771 8127 5763 7879 
4915 7567 7235 7703 6083 
7871 4703 7271 5459 7647 
3667 4455 5859 6959 4491 
5639 5307 6863 3767 8163 
4439 7679 7147 6999 7571 
3387 2823 7283 5367 4671 
6923 7495 4571 5719 7963 
5271 5955 7295 5343 7403 
5587 6731 2223 5779 4151 
5511 7499 6907 5255 6647 
3419 5155 4995 7759 4727 
7179 7699 7663 6747 7347 
7031 6359 4123 7111 5391 
6551 4751 6275 8131 7831 
5983 6503 5919 8167 7355 
7531 5815 6951 4883 5551 
4871 6795 6619 7767 7171 
5871 4255 7755 7827 6255 
4987 3483 7203 5951 4687 
7771 6727 7439 6171 7299 
2371 7427 6623 3211 5843 
7599 6459 7479 5907 7367 
